    "BPMZ8T2R",    0, 0,     0,             32,      1,         1
    "BPMZ8T4R",    0, 0,     0,             64,      1,         1
    "BPMZ8D5R",    0, 0,     0,             72,      1,         1
    "BPMZ8T7R",    0, 0,     0,            112,      1,         1
    "BPMZ8D8R",    0, 0,     0,            120,      1,         1
    "BPMZ44D1R",   0, 0,     1.785,         24,      1,         1
    "BPMZ5D1R",    0, 0,     2.736,          1,      1,         1
    "BPMZ6D1R",    1, 1,     3.995,          2,      1,         1
    "BPMZ7D1R",    1, 1,     6.474,          3,      1,         1
    "BPMZ1T1R",    1, 1,     7.675,          4,      1,         1
    "BPMZ2T1R",    1, 1,     8.591,          5,      1,         1
    "BPMZ3T1R",    1, 1,    11.005,          6,      1,         1
    "BPMZ4T1R",    1, 1,    12.639,          7,      1,         1
    "BPMZ43T1R",   0, 0,    15.9296,        56,      1,         1
    "BPMZ5T1R",    1, 1,    17.361,          9,      1,         1
    "BPMZ6T1R",    1, 1,    18.995,         10,      1,         1
    "BPMZ7T1R",    1, 1,    21.474,         11,      1,         1
    "BPMZ1D2R",    1, 1,    22.675,         12,      1,         1
    "BPMZ2D2R",    1, 1,    23.591,         13,      1,         1
    "BPMZ3D2R",    1, 1,    26.005,         14,      1,         1
    "BPMZ4D2R",    1, 1,    27.264,         15,      0.3,       1
    "BPMZ5D2R",    1, 1,    32.736,         17,      1,         1
    "BPMZ6D2R",    1, 1,    33.995,         18,      1,         1
    "BPMZ7D2R",    1, 1,    36.474,         19,      1,         1
    "BPMZ1T2R",    1, 1,    37.675,         20,      1,         1
    "BPMZ2T2R",    1, 1,    38.591,         21,      1,         1
    "BPMZ3T2R",    1, 1,    41.005,         22,      1,         1
    "BPMZ4T2R",    1, 1,    42.639,         23,      1,         1
    "BPMZ5T2R",    1, 1,    47.361,         25,      1,         1
    "BPMZ6T2R",    1, 1,    48.995,         26,      1,         1
    "BPMZ7T2R",    1, 1,    51.474,         27,      1,         1
    "BPMZ1D3R",    1, 1,    52.675,         28,      1,         1
    "BPMZ2D3R",    1, 1,    53.591,         29,      1,         1
    "BPMZ3D3R",    1, 1,    56.005,         30,      1,         1
    "BPMZ4D3R",    1, 1,    57.264,         31,      1,         1
    "BPMZ5D3R",    1, 1,    62.736,         33,      1,         1
    "BPMZ6D3R",    1, 1,    63.995,         34,      1,         1
    "BPMZ7D3R",    1, 1,    66.474,         35,      1,         1
    "BPMZ1T3R",    1, 1,    67.675,         36,      1,         1
    "BPMZ2T3R",    0, 0,    68.591,         37,      1,         1
    "BPMZ3T3R",    1, 1,    71.005,         38,      1,         1
    "BPMZ4T3R",    1, 1,    72.639,         39,      1,         1
    "BPMZ41T3R",   0, 0,    74.1275,        40,      1,         1
    "BPMZ42T3R",   0, 0,    75.3795,        48,      1,         1
    "BPMZ5T3R",    1, 1,    77.361,         41,      1,         1
    "BPMZ6T3R",    1, 1,    78.995,         42,      1,         1
    "BPMZ7T3R",    1, 1,    81.474,         43,      1,         1
    "BPMZ1D4R",    1, 1,    82.675,         44,      1,         1
    "BPMZ2D4R",    1, 1,    83.591,         45,      1,         1
    "BPMZ3D4R",    1, 1,    86.005,         46,      1,         1
    "BPMZ4D4R",    1, 1,    87.264,         47,      1,         1
    "BPMZ5D4R",    1, 1,    92.736,         49,      1,         1
    "BPMZ6D4R",    1, 1,    93.995,         50,      1,         1
    "BPMZ7D4R",    0, 0,    96.474,         51,      1,         1
    "BPMZ1T4R",    1, 1,    97.675,         52,      1,         1
    "BPMZ2T4R",    1, 1,    98.591,         53,      1,         1
    "BPMZ3T4R",    1, 1,   101.005,         54,      1,         1
    "BPMZ4T4R",    1, 1,   102.639,         55,      1,         1
    "BPMZ5T4R",    1, 1,   107.361,         57,      1,         1
    "BPMZ6T4R",    1, 1,   108.995,         58,      1,         1
    "BPMZ7T4R",    1, 1,   111.474,         59,      1,         1
    "BPMZ1D5R",    1, 1,   112.675,         60,      1,         1
    "BPMZ2D5R",    1, 1,   113.591,         61,      1,         1
    "BPMZ3D5R",    1, 1,   116.005,         62,      1,         1
    "BPMZ4D5R",    1, 1,   117.6933,        63,      1,         1
    "BPMZ5D5R",    1, 1,   122.3067,        65,      1,         1
    "BPMZ6D5R",    1, 1,   123.995,         66,      1,         1
    "BPMZ7D5R",    1, 1,   126.474,         67,      1,         1
    "BPMZ1T5R",    1, 1,   127.675,         68,      1,         1
    "BPMZ2T5R",    1, 1,   128.591,         69,      1,         1
    "BPMZ3T5R",    1, 1,   131.005,         70,      1,         1
    "BPMZ4T5R",    1, 1,   132.639,         71,      1,         1
    "BPMZ5T5R",    1, 1,   137.361,         73,      1,         1
    "BPMZ6T5R",    1, 1,   138.995,         74,      1,         1
    "BPMZ7T5R",    1, 1,   141.474,         75,      1,         1
    "BPMZ1D6R",    1, 1,   142.675,         76,      1,         1
    "BPMZ2D6R",    1, 1,   143.591,         77,      1,         1
    "BPMZ3D6R",    1, 1,   146.005,         78,      1,         1
    "BPMZ4D6R",    1, 1,   147.264,         79,      1,         1
    "BPMZ41D6R",   0, 0,   147.72918,       80,      1,         1
    "BPMZ42D6R",   0, 0,   149.58046,       88,      1,         1
    "BPMZ43D6R",   0, 0,   150.2976,        96,      1,         1
    "BPMZ44D6R",   0, 0,   152.32503,      104,      1,         1
    "BPMZ6D6R",    1, 1,   153.995,         82,      1,         1
    "BPMZ7D6R",    1, 1,   156.474,         83,      1,         1
    "BPMZ1T6R",    1, 1,   157.675,         84,      1,         1
    "BPMZ2T6R",    1, 1,   158.591,         85,      1,         1
    "BPMZ3T6R",    1, 1,   161.005,         86,      1,         1
    "BPMZ4T6R",    1, 1,   162.639,         87,      1,         1
    "BPMZ41T6R",   1, 1,   165.000,         81,      0.2489622, 0.8050295
    "BPMZ5T6R",    1, 1,   167.361,         89,      1,         1
    "BPMZ6T6R",    1, 1,   168.995,         90,      1,         1
    "BPMZ7T6R",    1, 1,   171.474,         91,      1,         1
    "BPMZ1D7R",    1, 1,   172.675,         92,      1,         1
    "BPMZ2D7R",    1, 1,   173.591,         93,      1,         1
    "BPMZ3D7R",    1, 1,   176.005,         94,      1,         1
    "BPMZ4D7R",    1, 1,   177.264,         95,      1,         1
    "BPMZ5D7R",    1, 1,   182.736,         97,      1,         1
    "BPMZ6D7R",    1, 1,   183.995,         98,      1,         1
    "BPMZ7D7R",    1, 1,   186.474,         99,      1,         1
    "BPMZ1T7R",    1, 1,   187.675,        100,      1,         1
    "BPMZ2T7R",    1, 1,   188.591,        101,      1,         1
    "BPMZ3T7R",    1, 1,   191.005,        102,      1,         1
    "BPMZ4T7R",    1, 1,   192.639,        103,      1,         1
    "BPMZ5T7R",    1, 1,   197.361,        105,      1,         1
    "BPMZ6T7R",    1, 1,   198.995,        106,      1,         1
    "BPMZ7T7R",    1, 1,   201.474,        107,      1,         1
    "BPMZ1D8R",    1, 1,   202.675,        108,      1,         1
    "BPMZ2D8R",    1, 1,   203.591,        109,      1,         1
    "BPMZ3D8R",    1, 1,   206.005,        110,      1,         1
    "BPMZ4D8R",    1, 1,   207.264,        111,      1,         1
    "BPMZ5D8R",    1, 1,   212.736,        113,      1,         1
    "BPMZ6D8R",    1, 1,   213.995,        114,      1,         1
    "BPMZ7D8R",    1, 1,   216.474,        115,      1,         1
    "BPMZ1T8R",    1, 1,   217.675,        116,      1,         1
    "BPMZ2T8R",    1, 1,   218.591,        117,      1,         1
    "BPMZ3T8R",    1, 1,   221.005,        118,      1,         1
    "BPMZ4T8R",    1, 1,   222.639,        119,      1,         1
    "BPMZ5T8R",    1, 1,   227.361,        121,      1,         1
    "BPMZ6T8R",    1, 1,   228.995,        122,      1,         1
    "BPMZ7T8R",    1, 1,   231.474,        123,      1,         1
    "BPMZ1D1R",    1, 1,   232.675,        124,      1,         1
    "BPMZ2D1R",    1, 1,   233.591,        125,      1,         1
    "BPMZ3D1R",    1, 1,   236.005,        126,      1,         1
    "BPMZ4D1R",    1, 1,   237.264,        127,      1,         1
    "BPMZ41D1R",   0, 0,   238.215,          8,      1,         1
    "BPMZ42D1R",   0, 0,   238.418,        128,      1,         1